hex_id,risk_score,elevation,snow,precipitation,cloud,windspeed,inclination,denseness,roughness,low_visibility,cold_temp_risk,conceal_x_lowvis,snow_x_slope,cloud_x_rain,rough_x_slope,latitude,longitude
HEX_0000,8.086757,281,0,0,17.025,3.944444444444444,1,0.8332440696273506,0.23190312952151804,0,0.29428571428571426,0,0,0,0.23190312952151804,32.52862230401004,74.87194850928567
HEX_0001,34.80266,282,0,0,26.05,3.944444444444444,2,0.7801288880544629,0.5806549588841793,0.06669999999999998,0.29428571428571426,0.05203459683323266,0,0,1.1613099177683586,32.51563204806692,74.86452236041224
HEX_0002,74.82309,277,0,0,31.925,3.944444444444444,17,0.7235716874769464,2.397256934967401,0.06555,0.2928571428571428,0.04743012411411384,0,0,40.753367894445816,32.502641332714035,74.85709834226839
HEX_0003,54.86397,282,0,0,22.05,3.944444444444444,2,0.8639936580294625,0.564533520605624,0.10229999999999995,0.29428571428571426,0.08838655121641396,0,0,1.129067041211248,32.503026017644146,74.87013549001699
HEX_0004,86.03325,276,0,0,29.9,3.944444444444444,16,0.8350550096619855,2.2064811302790672,0.08009999999999995,0.2928571428571428,0.066887906273925,0,0,35.303698084465076,32.507151525255104,74.85381285939958
HEX_0005,44.054596,274,0,0,30.85,3.944444444444444,14,0.7121190269202857,1.9168580615084903,0,0.2928571428571428,0,0,0,26.836012861118864,32.51127490813735,74.83748874606528
HEX_0006,57.76792,269,0,0,25.725,4.111111111111112,9,0.7039551045172018,1.3516622049901792,0.11804999999999999,0.3014285714285715,0.08310190008825566,0,0,12.164959844911612,32.500487520400185,74.80018354330345
HEX_0007,58.8828,270,0,0,31.75,4.111111111111112,10,0.7980617352107464,1.5267589063532805,0.04139999999999999,0.3014285714285715,0.03303975583772489,0,0,15.267589063532805,32.4868805272618,74.79450240384018
HEX_0008,46.253933,270,0,0,17.75,4.111111111111112,10,0.8722533183390262,1.5067505985131322,0.020100000000000007,0.3014285714285715,0.017532291698614432,0,0,15.067505985131323,32.495564417844164,74.79629547803465
HEX_0009,49.532345,267,0,0,28.675,4.111111111111112,7,0.8366146154483923,1.2176958696835711,0.03474999999999995,0.30000000000000004,0.02907235788683159,0,0,8.523871087784999,32.49493432198676,74.77928039481506
HEX_0010,20.665789,265,0,0,20.625,4.111111111111112,5,0.7970009577480457,0.9436666727040497,0,0.30000000000000004,0,0,0,4.718333363520248,32.49430192655269,74.76226556314826
HEX_0011,35.885525,265,0,0,31.625,4.111111111111112,5,0.7005945210230109,0.9381631427352365,0.047150000000000025,0.30000000000000004,0.03303303166623498,0,0,4.690815713676183,32.493667231713005,74.74525098496115
HEX_0012,9.29331,264,0,0,17.6,4.111111111111112,4,0.7430091990460655,0.755084398299456,0,0.30000000000000004,0,0,0,3.020337593197824,32.49303023763967,74.72823666218041
HEX_0013,23.091564,264,0,0,22.6,4.111111111111112,4,0.7315619832947632,0.6208778959372934,0.03979999999999995,0.30000000000000004,0.029116166935131537,0,0,2.4835115837491735,32.482188851402576,74.73323261615116
HEX_0014,23.554295,263,0,0,23.575,4.111111111111112,3,0.7111790460577887,0.6882371933726799,0.04784999999999995,0.30000000000000004,0.03402991735386515,0,0,2.06471158011804,32.506296310258115,74.72113127106486
HEX_0015,84.87412,259,0,0,30.475,4.111111111111112,19,0.8302839759376963,2.414233779026922,0.052749999999999964,0.30000000000000004,0.04379747973071345,0,0,45.87044180151152,32.508511257689605,74.69289966211173
HEX_0016,27.34223,263,0,0,26.575,4.111111111111112,3,0.7635907173134878,0.6342809056032574,0.03344999999999998,0.30000000000000004,0.025542109494136152,0,0,1.9028427168097723,32.491585058546804,74.70031418057347
HEX_0017,31.532742,261,0,0,19.525,4.111111111111112,1,0.8559661809842404,0.2595881879942723,0.05325000000000002,0.30000000000000004,0.045580199137410814,0,0,0.2595881879942723,32.50567946860686,74.70398496385866
HEX_0018,30.20507,262,0,0,29.55,4.111111111111112,2,0.8879151419975514,0.44403996294955117,0.0004999999999999449,0.30000000000000004,0.0004439575709987268,0,0,0.8880799258991023,32.51977374663372,74.70765687567636
HEX_0019,47.247906,265,0,0,24.625,4.111111111111112,5,0.7978596929891915,0.9745215262433138,0.06805000000000005,0.30000000000000004,0.05429435210791452,0,0,4.872607631216569,32.54871039697019,74.69453879320497
HEX_0020,47.95667,264,0,0,20.6,4.111111111111112,4,0.7711965537484059,0.6621744191005849,0.09499999999999997,0.31000000000000005,0.07326367260609853,0,0,2.6486976764023398,32.55601859575658,74.67984286311217
HEX_0021,36.167408,264,0,0,17.6,4.111111111111112,4,0.8089300258383382,0.8474877373203832,0.04200000000000004,0.31000000000000005,0.033975061085210236,0,0,3.3899509492815327,32.553160367810584,74.6807762832876
HEX_0022,65.69661,266,0,0,27.65,4.111111111111112,6,0.8758379396365349,1.0914673763356482,0.07950000000000002,0.30000000000000004,0.06962911620110454,0,0,6.548804258013889,32.555866306722066,74.69202889469624
HEX_0023,55.595005,265,0,0,16.625,3.9166666666666665,5,0.7930674567288305,0.8974834508821554,0.10194999999999999,0.31285714285714283,0.08085322721350426,0,0,4.4874172544107775,32.5836225745939,74.66501164607104
HEX_0024,35.459526,263,0,0,24.575,3.9166666666666665,3,0.744790862680444,0.6208941194599915,0.06084999999999996,0.3114285714285714,0.04532052399410499,0,0,1.8626823583799745,32.57950137883243,74.64867386374091
HEX_0025,56.93763,264,0,0,21.6,3.9166666666666665,4,0.7874197713930747,0.7381426470906719,0.11350000000000005,0.3114285714285714,0.08937214405311401,0,0,2.9525705883626876,32.577943801736254,74.6689770453116
HEX_0026,62.62349,264,0,0,17.6,3.9166666666666665,4,0.86429214135101,0.639947604770933,0.1048,0.3114285714285714,0.09057781641358585,0,0,2.559790419083732,32.57854584834771,74.66615292287757
HEX_0027,50.104774,255,0,0,20.375,3.9166666666666665,15,0.7194250673295307,2.1637231896367197,0.03364999999999996,0.3114285714285714,0.024208653515638678,0,0,32.455847844550796,32.61381033862361,74.65768215320863
HEX_0028,23.622787,263,0,0,30.575,3.9166666666666665,3,0.754853554228627,0.6099559362843272,0,0.3114285714285714,0,0,0,1.8298678088529816,32.60635328171874,74.65928450388675
HEX_0029,30.362522,263,0,0,24.575,3.9166666666666665,3,0.7024108870605913,0.6442895161177904,0.061549999999999994,0.3114285714285714,0.04323339009857939,0,0,1.9328685483533712,32.597950542031015,74.64558840565546
HEX_0030,8.253537,261,0,0,23.525,3.9166666666666665,1,0.706734169052126,0.4408808819339922,0,0.3114285714285714,0,0,0,0.4408808819339922,32.62005242654843,74.67456940736726
HEX_0031,86.787186,256,0,0,19.4,3.9166666666666665,16,0.8428489059977637,2.2558441630274206,0.09899999999999998,0.3114285714285714,0.08344204169377858,0,0,36.09350660843873,32.63446101356339,74.67357174227385
HEX_0032,96.37024,256,0,0,16.4,3.9166666666666665,16,0.8878301083027025,2.0323588234316716,0.11550000000000005,0.3114285714285714,0.10254437750896218,0,0,32.517741174906746,32.62207366680249,74.66798768832025
HEX_0033,28.35796,260,0,0,19.5,4.111111111111112,0,0.8265174846732255,0.29442734280435484,0.053200000000000025,0.30285714285714294,0.043970730184615614,0,0,0,32.635390236669586,74.69305710293425
HEX_0034,29.8483,260,0,0,24.5,4.111111111111112,0,0.8227679036157731,0.17442970369864383,0.04610000000000003,0.30285714285714294,0.03792960035668717,0,0,0,32.64568942706051,74.70500813211672
HEX_0035,12.106674,260,0,0,19.5,4.111111111111112,0,0.7908867947904481,0.32515762382363556,0.016900000000000026,0.30285714285714294,0.013365986831958594,0,0,0,32.67967151928995,74.69580640110769
HEX_0036,88.67498,259,0,0,20.475,3.9166666666666665,19,0.7645929936368641,2.576996306809635,0.11414999999999997,0.3114285714285714,0.08727829022364801,0,0,48.962929829383064,32.68713651321788,74.68119960157051
HEX_0037,82.13028,258,0,0,18.45,2.944444444444444,18,0.8812924773307532,2.4270292289750275,0.06510000000000005,0.3157142857142857,0.05737214027423208,0,0,43.68652612155049,32.69173839493294,74.67811401099657
HEX_0038,66.00496,258,0,0,22.45,2.944444444444444,18,0.8662285768879759,2.559411419084108,0.00019999999999997797,0.3157142857142857,0.00017324571537757612,0,0,46.069405543513945,32.69919674704141,74.67218462185485
HEX_0039,55.85618,257,0,0,19.425,2.944444444444444,17,0.7328154634768527,2.3265242488258204,0.05015000000000003,0.3157142857142857,0.03675069549336418,0,0,39.550912230038946,32.70589072019047,74.67645312647637
HEX_0040,0,260,0,0,16.5,2.944444444444444,0,0.729843798869382,0.1450615297887165,0,0.3157142857142857,0,0,0,0,32.71970449101054,74.68140060711819
HEX_0041,21.14801,261,0,0,29.525,2.944444444444444,1,0.7128786733719525,0.328088970214745,0.03915000000000002,0.31714285714285717,0.027909200062511956,0,0,0.328088970214745,32.72649614501758,74.67532654139468
HEX_0042,29.989475,265,0,0,27.625,2.944444444444444,5,0.71654954558547,0.8547266661260511,0.034050000000000025,0.31714285714285717,0.024398512027185272,0,0,4.273633330630256,32.73964194561707,74.6823760112292
HEX_0043,41.32433,268,0,0,27.7,2.944444444444444,8,0.8548548663402264,1.2668965414431095,0,0.3142857142857143,0,0,0,10.135172331544876,32.752787334835894,74.6894275381704
HEX_0044,54.45915,274,0,0,23.85,2.944444444444444,14,0.7605313693718163,1.9241828458192136,0.02839999999999998,0.3142857142857143,0.02159909089015957,0,0,26.93855984146899,32.76593231207092,74.69648112409872
HEX_0045,30.068714,281,0,0,22.025,2.944444444444444,1,0.7303972322098463,0.4179373382837296,0.06105000000000005,0.3157142857142857,0.044590751026411156,0,0,0.4179373382837296,32.77907687671882,74.70353677089585
HEX_0046,23.381495,283,0,0,19.075,2.944444444444444,3,0.8329593442692758,0.5271296718019112,0,0.3157142857142857,0,0,0,1.5813890154057335,32.79222102817583,74.71059448044483
HEX_0047,57.660477,289,0,0,22.225,2.944444444444444,9,0.750957100898573,1.4084958990222427,0.06974999999999998,0.3157142857142857,0.05237925778767545,0,0,12.676463091200183,32.80536476583802,74.71765425462989
HEX_0048,99.57835,297,0,0,21.425,4.305555555555555,17,0.7486197213853801,2.2449607485303735,0.09924999999999995,0.3214285714285714,0.07430050734749893,0,0,38.16433272501635,32.825713080691735,74.7241025987718
HEX_0049,52.36509,303,0,0,22.575,4.305555555555555,3,0.8866041024509747,0.5876201099019065,0.004550000000000054,0.3214285714285714,0.004034048666151983,0,0,1.7628603297057195,32.84014595337652,74.7241057403274
HEX_0050,100,296,0,0,19.4,2.8055555555555554,16,0.8426688659699961,2.108059624759155,0.11470000000000002,0.3157142857142857,0.09665411892675857,0,0,33.72895399614648,32.85025560421845,74.6821606187053
HEX_0051,14.429812,283,0,0,19.075,2.8055555555555554,3,0.7531296333492081,0.62369216458085,0,0.3142857142857143,0,0,0,1.87107649374255,32.843474151460256,74.66706751167557
HEX_0052,52.362854,291,0,0,24.275,2.8055555555555554,11,0.868416972581884,1.5428241931330655,0.00275000000000003,0.3157142857142857,0.002388146674600207,0,0,16.97106612446372,32.83993071354585,74.67511508442688
HEX_0053,74.568245,274,0,0,17.85,2.8055555555555554,14,0.7986385066556292,1.928367161413285,0.09850000000000003,0.3142857142857143,0.0786658929055795,0,0,26.99714025978599,32.83713930375725,74.63525116799877
HEX_0054,40.70438,270,0,0,25.75,2.8055555555555554,10,0.7453855656391576,1.4708783359639863,0.025800000000000045,0.31285714285714283,0.0192309475934903,0,0,14.708783359639863,32.82596650538341,74.62442947073052
HEX_0055,57.09935,272,0,0,20.8,2.944444444444444,12,0.7442264118720787,1.7613809017185882,0.06830000000000003,0.31714285714285717,0.050830663930862996,0,0,21.136570820623056,32.79340134271762,74.62532148739048
HEX_0056,46.60949,271,0,0,21.775,2.944444444444444,11,0.8587626950706535,1.5575909481963262,0,0.31714285714285717,0,0,0,17.133500430159586,32.78299622290524,74.63716271782633
HEX_0057,50.54193,276,0,0,24.9,2.944444444444444,16,0.7154421085655659,2.3143267942588794,0,0.31714285714285717,0,0,0,37.02922870814207,32.79976382080244,74.6445351126475
HEX_0058,52.364586,273,0,0,27.825,2.944444444444444,13,0.8080712885136377,1.8573149278178076,0,0.31714285714285717,0,0,0,24.1450940616315,32.793041764318524,74.62941333423042
HEX_0059,28.040329,264,0,0,24.6,2.944444444444444,4,0.8320432947805743,0.6502049306281901,0.006199999999999983,0.31714285714285717,0.005158668427639546,0,0,2.6008197225127603,32.76433550116414,74.61469948371095
HEX_0060,33.420925,263,0,0,30.575,2.944444444444444,3,0.7622362505394309,0.6374393865688345,0.037250000000000005,0.31714285714285717,0.028393300332593806,0,0,1.9123181597065035,32.75020369119667,74.6181703976436
HEX_0061,35.92936,269,0,0,31.725,2.944444444444444,9,0.7285498704371323,1.3549006684204656,0,0.31714285714285717,0,0,0,12.194106015784191,32.77178513473684,74.63428724323843
HEX_0062,23.695044,263,0,0,20.575,2.944444444444444,3,0.8559861603646568,0.6414150665069879,0,0.31714285714285717,0,0,0,1.9242451995209637,32.773669199591666,74.6021498746533
HEX_0063,41.369785,260,0,0,21.5,2.944444444444444,0,0.8857400839324512,0.3345207870571054,0.06399999999999995,0.3157142857142857,0.056687365371676825,0,0,0,32.76815558181551,74.58636216646649
HEX_0064,17.238054,260,0,0,29.5,2.944444444444444,0,0.7779403199696382,0.3319431394430781,0.00539999999999996,0.3157142857142857,0.004200877727836016,0,0,0,32.76067473321741,74.59124677889783
HEX_0065,66.54157,259,0,0,20.475,2.944444444444444,19,0.8621042284777269,2.614253817895154,0,0.3157142857142857,0,0,0,49.670822540007926,32.77036646511688,74.57858873346147
HEX_0066,71.25215,254,0,0,30.35,2.9166666666666665,14,0.8082392736804915,1.7879829413520696,0.0685,0.31999999999999995,0.055364390247113676,0,0,25.031761178928974,32.762783178378754,74.53941568992292
HEX_0067,51.100002,256,0,0,27.4,2.9166666666666665,16,0.7367685889475047,2.076616084530862,0.011600000000000055,0.31999999999999995,0.008546515631791096,0,0,33.22585735249379,32.76028622953972,74.55946827875528
HEX_0068,36.827675,254,0,0,18.35,2.9166666666666665,14,0.7435985524988254,1.8563492738040153,0,0.31999999999999995,0,0,0,25.988889833256213,32.76401071836054,74.52166199482973
HEX_0069,44.896545,252,0,0,21.3,2.9166666666666665,12,0.7723018826762931,1.6616325858734935,0.03359999999999996,0.3185714285714285,0.02594934325792342,0,0,19.93959103048192,32.747382948100075,74.53269735300414
HEX_0070,52.426003,252,0,0,20.3,2.9166666666666665,12,0.7515232572462587,1.8252383825119158,0.06710000000000005,0.3185714285714285,0.05042721056122399,0,0,21.90286059014299,32.761739085693925,74.53093890190296
HEX_0071,57.26698,258,0,0,28.45,2.9166666666666665,18,0.7345438763582979,2.5490739722911364,0,0.31999999999999995,0,0,0,45.883331501240455,32.7810778769092,74.49981110838702
HEX_0072,58.239853,256,0,0,19.4,2.9166666666666665,16,0.8329727130272704,2.0693601196972593,0.01849999999999996,0.31999999999999995,0.01540999519100447,0,0,33.10976191515615,32.77811897749586,74.49720496448965
HEX_0073,60.993122,256,0,0,31.4,2.9166666666666665,16,0.8125542024752035,2.0567810805673754,0,0.31999999999999995,0,0,0,32.90849728907801,32.788692648595,74.48557582921943
HEX_0074,78.69814,258,0,0,16.45,2.9166666666666665,18,0.7186944505553691,2.3519138004911935,0.11760000000000004,0.31999999999999995,0.08451846738531144,0,0,42.33444840884148,32.79963003239783,74.47352989215018
